1.358895e+00
1.723168e+00
-1.392053e+00
1.753503e+00
6.294370e-01
-1.509838e+00
-7.860071e-01
2.875261e-01
1.930027e+00
1.959554e+00
-1.269548e+00
1.982371e+00
1.928668e+00
4.150259e-02
1.301122e+00
-1.332455e+00
-2.129549e-01
1.762942e+00
1.268829e+00
1.937970e+00
7.229628e-01
-1.757153e+00
1.496517e+00
1.835973e+00
8.149406e-01
1.130961e+00
1.072530e+00
-3.310919e-01
7.219116e-01
-1.215253e+00
9.241844e-01
-1.772669e+00
-7.923081e-01
-1.715314e+00
-1.511473e+00
1.393831e+00
8.793145e-01
-6.316021e-01
1.900888e+00
-1.762216e+00
-1.450226e-01
-3.737662e-01
1.162067e+00
1.280800e+00
-1.152510e+00
5.905758e-02
-1.176552e-01
6.852520e-01
9.374593e-01
1.118747e+00
-7.958997e-01
8.188107e-01
7.203920e-01
-1.249553e+00
-1.424009e+00
9.345621e-02
1.938976e+00
-5.384571e-01
4.410710e-01
-1.004752e+00
6.005068e+00
4.020380e+00
5.023828e+00
5.796307e+00
6.563613e+00
6.837166e+00
5.188862e+00
3.554498e+00
3.597176e+00
4.030033e+00
6.362869e+00
4.017129e+00
6.257139e+00
3.974100e+00
6.717054e+00
4.399935e+00
3.786381e+00
4.004335e+00
5.464179e+00
4.893155e+00
-4.933620e-01
1.423315e+00
4.410564e-01
2.988944e-01
1.768775e+00
-7.566439e-01
1.128801e+00
1.114916e+00
-3.782166e-01
3.712866e-01
3.303417e+00
3.215800e+00
5.123190e+00
6.116669e+00
6.736043e+00
3.519625e+00
5.275295e+00
4.877563e+00
3.047608e+00
4.348491e+00
3.648729e+00
6.177138e+00
4.244860e+00
5.114133e+00
3.662595e+00
5.407928e+00
4.051885e+00
5.616316e+00
5.756858e+00
5.992606e+00
-9.783361e-02
-1.564714e+00
-9.840921e-01
1.753349e+00
-1.290488e+00
1.403268e+00
2.533697e-01
2.084539e+00
-1.587298e+00
-1.292869e-01
-1.473389e+00
1.947592e+00
-1.881463e+00
1.199642e+00
1.369213e+00
1.574779e+00
-1.562257e+00
-3.008694e-01
-8.605184e-01
1.300274e+00
-1.743447e-01
1.742590e+00
-1.172612e+00
-8.447883e-01
-1.317844e+00
-1.355726e+00
1.577169e+00
4.188183e-01
2.994408e-01
-1.320181e+00
6.412124e+00
5.488221e+00
4.403810e+00
5.052998e+00
4.607232e+00
3.303867e+00
3.959665e+00
3.493276e+00
3.735631e+00
3.959810e+00
4.669068e+00
3.198618e+00
6.610864e+00
6.779149e+00
4.963456e+00
4.957011e+00
4.350878e+00
6.600215e+00
4.476987e+00
3.444811e+00
1.221008e+00
-3.410447e-01
-9.332349e-01
-2.843514e-01
-1.514182e+00
-1.372107e+00
1.868202e+00
1.924538e+00
4.008344e-01
-1.660882e+00
3.939120e+00
4.412634e+00
6.284776e+00
3.061614e+00
3.172095e+00
3.675960e+00
5.596462e+00
5.926890e+00
5.590984e+00
4.803695e+00
5.188036e+00
4.185283e+00
5.978771e+00
3.755820e+00
5.747102e+00
3.734045e+00
4.473938e+00
5.502474e+00
6.120910e+00
3.324503e+00
1.817544e+00
1.202851e+00
4.716653e-02
-1.565656e-01
-1.128650e-01
-6.746021e-01
1.340346e-01
1.430863e-01
1.370511e+00
1.279326e+00
5.577273e+00
4.514438e+00
6.246322e+00
5.131302e+00
4.402908e+00
6.756006e+00
6.503771e+00
5.200625e+00
5.489900e+00
5.348179e+00
-1.069031e+00
-6.950147e-01
-1.630661e-02
-9.780474e-01
1.477235e+00
-1.120943e+00
-9.963129e-01
-1.217168e+00
-9.893428e-01
-1.572053e-01
-6.555909e-01
1.793519e+00
-1.791704e-01
-1.160735e+00
1.719524e+00
2.018994e+00
-1.445201e-01
-1.455523e+00
-8.677412e-01
-2.651206e-01
5.379584e+00
4.048847e+00
5.411372e+00
5.844863e+00
3.886987e+00
3.469671e+00
4.186703e+00
4.275113e+00
4.696667e+00
5.031433e+00
3.342063e+00
4.049929e+00
6.204058e+00
3.116881e+00
6.715417e+00
5.921323e+00
4.954436e+00
5.314100e+00
3.949134e+00
4.835395e+00
6.852354e+00
5.187223e+00
5.084543e+00
3.926378e+00
4.955591e+00
5.496240e+00
5.716542e+00
4.582061e+00
4.469747e+00
6.951928e+00
3.150955e+00
6.540672e+00
6.653147e+00
6.184735e+00
3.394849e+00
4.047485e+00
4.341427e+00
5.718912e+00
3.546213e+00
5.884910e+00
-1.472953e+00
7.150294e-01
7.669575e-02
1.216207e+00
9.601483e-01
1.714882e+00
1.663690e+00
-5.633478e-01
8.949833e-01
-1.108761e+00
3.122164e+00
5.976297e+00
5.000090e+00
4.919689e+00
6.618889e+00
5.439467e+00
5.470666e+00
6.437769e+00
6.221958e+00
5.306886e+00
3.731690e+00
3.959728e+00
6.546048e+00
3.114697e+00
4.959606e+00
3.671709e+00
6.914723e+00
5.850778e+00
5.001886e+00
4.884353e+00
3.238475e+00
5.727888e+00
3.169725e+00
3.285782e+00
5.086599e+00
3.386920e+00
6.272594e+00
6.270188e+00
5.889758e+00
3.599462e+00
5.638421e+00
5.074380e+00
6.891898e+00
5.595966e+00
6.201322e+00
4.815191e+00
4.729566e+00
6.301255e+00
3.333879e+00
3.532684e+00
